0.768143
0.794533
0.820924
0.820924
0.836946
0.836946
0.842601
0.856739
0.866164
0.872762
0.876532
0.880302
0.883129
0.885957
0.885957
0.888784
0.891612
0.894439
0.897267
0.898209
0.909519
0.912347
0.914232
0.916117
0.918002
0.919887
0.921772
0.923657
0.924599
0.926484
0.934025
0.934025
0.938737
0.941565
0.944392
0.944392
0.946277
0.94722
0.94722
0.94722
0.948162
0.949105
0.949105
0.95099
0.95099
0.951932
0.952875
0.952875
0.953817
0.95476
0.955702
0.956645
0.957587
0.959472
0.960415
0.963242
0.967012
0.967012
0.972667
0.972667
0.972667
0.972667
0.974552
0.975495
0.97738
0.979265
0.980207
0.98115
0.983035
0.983977
0.983977
0.985862
0.986805
0.987747
0.98869
0.990575
0.991517
0.993402
0.99623
0.998115
0.999057
1
1
1
1
1
1
1
1
1
1
1
1
1
1
1
1
1
1
1
