0.768143
0.794533
0.820924
0.820924
0.822809
0.838831
0.838831
0.839774
0.851084
0.858624
0.859566
0.859566
0.860509
0.860509
0.862394
0.864279
0.868049
0.868049
0.873704
0.873704
0.875589
0.878417
0.880302
0.881244
0.882187
0.882187
0.896324
0.899152
0.901979
0.902922
0.912347
0.915174
0.921772
0.921772
0.926484
0.928369
0.929312
0.930254
0.933082
0.934967
0.93591
0.938737
0.93968
0.941565
0.94722
0.948162
0.949105
0.950047
0.953817
0.957587
0.960415
0.963242
0.96607
0.968897
0.971725
0.97361
0.975495
0.97738
0.979265
0.98115
0.982092
0.983977
0.985862
0.985862
0.986805
0.987747
0.987747
0.989632
0.989632
0.990575
0.991517
0.99246
0.99246
0.99246
0.99246
0.99246
0.994345
0.995287
0.997172
0.998115
0.999057
1
1
1
1
1
1
1
1
1
1
1
1
1
1
1
1
1
1
1
